{
    "originlat": 38.81483305333334,
    "originlon": -9.47671962,
    "heading_angle": 1.0864761450159375
}