{
    "originlat": 38.76788020000541,
    "originlon": -9.18153907915141,
    "heading_angle": 0
} 