{
    "originlat": 38.72966793333992,
    "originlon": -9.474965876352439,
    "heading_angle": 0
}