{
    "originlat": 38.64820948,
    "originlon": -9.24378842,
    "heading_angle": 2.1372827956337392
}